5 5 30
58,1 100,1 55,1 21,1 54,1 97,1 98,1 5,1 94,1 97,1 67,1 53,1 16,1 81,1 73,1 27,1 72,1 44,1 58,1 89,1 97,1 4,1 30,1 61,1 15,1 18,1 54,1 80,1 10,1 87,1 
6,1 63,1 21,1 8,1 82,1 27,1 72,1 57,1 91,1 56,1 5,1 89,1 2,1 36,1 44,1 70,1 90,1 64,1 3,1 22,1 69,1 26,1 38,1 37,1 88,1 23,1 9,1 70,1 31,1 23,1 
84,1 22,1 26,1 9,1 29,1 25,1 76,1 40,1 80,1 19,1 13,1 52,1 41,1 67,1 98,1 66,1 13,1 8,1 58,1 13,1 22,1 74,1 80,1 57,1 7,1 26,1 55,1 2,1 8,1 50,1 
14,1 67,1 45,1 28,1 45,1 96,1 46,1 19,1 5,1 75,1 11,1 50,1 47,1 1,1 79,1 97,1 23,1 67,1 36,1 42,1 28,1 23,1 14,1 52,1 87,1 95,1 5,1 49,1 39,1 11,1 
11,1 51,1 52,1 64,1 63,1 87,1 61,1 11,1 70,1 86,1 62,1 55,1 45,1 47,1 81,1 45,1 29,1 79,1 14,1 52,1 75,1 52,1 100,1 88,1 14,1 89,1 50,1 21,1 38,1 1,1 
28,1 72,1 87,1 92,1 44,1 96,1 29,1 63,1 16,1 91,1 62,1 75,1 22,1 68,1 57,1 13,1 40,1 7,1 38,1 67,1 66,1 74,1 1,1 22,1 75,1 33,1 35,1 96,1 20,1 78,1 
85,1 16,0 45,1 9,0 96,0 62,1 95,1 65,0 39,0 53,0 62,1 86,0 37,0 29,0 64,0 67,0 70,0 74,1 81,1 29,1 73,0 73,0 35,1 7,0 36,0 92,1 8,0 73,0 6,1 2,0 
60,0 36,1 59,0 52,0 36,1 51,1 78,0 36,0 99,0 40,1 92,1 26,0 85,0 10,1 23,1 25,1 63,1 41,1 23,0 16,1 11,0 10,1 59,0 70,1 65,1 46,1 68,1 71,1 73,1 53,0 
11,0 24,1 93,0 29,1 87,0 5,1 69,0 26,0 93,0 32,1 35,1 78,1 95,0 25,0 51,0 26,0 56,1 19,0 31,0 39,0 39,1 63,0 2,0 21,1 22,0 12,0 99,1 86,1 39,1 91,1 
61,1 79,1 45,1 34,1 42,1 65,1 66,1 15,1 11,1 72,1 94,1 56,1 40,1 78,1 20,1 67,1 21,1 60,1 2,1 33,1 19,1 74,1 47,1 63,1 84,1 53,1 33,1 96,1 97,1 87,1 
60,1 35,1 53,1 10,1 70,1 59,1 98,1 23,1 60,1 6,1 65,1 77,1 37,1 77,1 82,1 22,1 26,1 37,1 17,1 69,1 9,1 95,1 63,1 14,1 56,1 67,1 60,1 73,1 69,1 17,1 
64,1 85,1 24,1 84,1 72,0 93,0 52,0 95,0 75,1 65,0 1,1 26,0 13,1 21,0 27,0 70,0 39,0 86,1 56,0 36,0 79,0 15,0 19,1 33,0 42,1 46,0 70,1 1,1 57,0 42,0 
3,0 8,1 16,1 74,1 100,1 56,1 62,0 83,0 15,1 64,0 43,0 57,0 22,0 14,0 36,1 23,1 99,0 78,0 42,1 59,1 16,0 92,0 4,0 38,0 78,1 93,0 52,0 98,0 80,0 10,1 
39,0 13,1 5,0 91,1 58,1 9,0 42,1 9,1 45,0 79,1 25,1 12,1 7,1 12,1 52,0 74,1 24,1 20,0 89,0 10,0 96,1 74,1 65,0 86,1 62,0 45,0 73,1 52,1 25,1 70,0 
91,1 26,1 6,1 79,1 20,1 7,1 14,1 14,1 97,1 97,1 34,1 79,1 51,1 85,1 3,1 34,1 40,1 45,1 25,1 49,1 1,1 89,1 91,1 40,1 61,1 43,1 100,1 2,1 70,1 14,1 
35,1 55,1 1,1 57,1 53,1 16,1 49,1 58,1 59,1 45,1 67,1 48,1 45,1 46,1 63,1 85,1 61,1 52,1 95,1 68,1 80,1 13,1 73,1 70,1 79,1 40,1 82,1 53,1 74,1 85,1 
49,0 29,1 89,0 46,0 87,0 63,1 6,0 81,0 26,0 87,1 22,0 54,1 82,1 78,0 40,0 20,0 29,0 34,0 63,1 97,1 1,0 88,0 7,0 97,1 12,1 17,0 37,1 18,0 41,0 61,0 
14,1 34,0 39,0 51,1 44,1 59,0 40,1 6,1 50,0 26,0 35,0 11,0 49,0 4,1 94,1 80,0 10,0 87,0 94,0 30,1 11,1 76,1 1,0 18,0 27,0 3,1 23,1 17,0 80,1 17,0 
82,1 17,0 28,1 19,0 64,1 31,1 60,1 55,0 77,0 91,0 42,1 51,1 1,0 70,1 100,1 94,0 92,0 17,0 87,1 81,0 62,0 95,1 75,1 20,1 45,1 22,1 20,1 53,0 53,0 87,0 
44,1 34,1 7,1 71,1 42,1 86,1 3,1 73,1 26,1 47,1 17,1 100,1 22,1 91,1 58,1 67,1 21,1 73,1 8,1 5,1 77,1 68,1 59,1 33,1 61,1 89,1 74,1 66,1 62,1 36,1 
9,1 63,1 78,1 86,1 89,1 61,1 12,1 65,1 72,1 75,1 60,1 5,1 66,1 27,1 40,1 50,1 42,1 76,1 87,1 26,1 33,1 20,1 36,1 64,1 99,1 97,1 34,1 14,1 27,1 34,1 
81,1 29,1 38,1 77,1 40,1 88,1 70,1 65,1 51,1 87,1 77,1 14,1 57,1 67,1 20,1 23,1 13,1 100,1 78,1 7,1 39,1 64,1 80,1 52,1 74,1 57,1 17,1 75,1 42,1 36,1 
41,1 77,1 3,1 82,1 17,1 87,1 17,1 81,1 78,1 65,1 82,1 80,1 82,1 22,1 30,1 16,1 80,1 58,1 41,1 9,1 100,1 33,1 43,1 87,1 48,1 32,1 17,1 20,1 56,1 85,1 
33,1 6,1 42,1 40,1 84,1 70,1 53,1 92,1 43,1 38,1 13,1 79,1 67,1 91,1 51,1 63,1 95,1 64,1 44,1 87,1 89,1 1,1 71,1 41,1 50,1 97,1 98,1 11,1 38,1 86,1 
80,1 95,1 61,1 39,1 25,1 14,1 25,1 70,1 63,1 22,1 71,1 14,1 100,1 82,1 89,1 54,1 30,1 65,1 41,1 92,1 68,1 64,1 82,1 69,1 20,1 93,1 2,1 75,1 94,1 4,1 
