747292
202752
205158
600757
56757
776329
764411
41736
683395
502737
635444
953733
986758
409141
844144
786305
971755
28791
937895
222281
129411
597458
838859
956674
364279
827690
30790
968507
293460
543508
124336
43827
7689
600158
561123
815946
851140
423453
847343
200731
880890
250543
939753
384308
428063
518320
58916
74890
544938
714092
44748
406751
369968
781155
990437
90588
543688
104185
783740
942217
706475
581542
40524
96263
239675
81736
133785
959314
347923
906859
760835
775401
912859
697911
347646
469671
390071
32295
44087
567594
522741
972427
620609
818688
476507
582015
815547
34071
19149
429622
292202
428094
64011
168891
98448
608715
33038
20511
680703
423292
22762
940425
490596
937082
648547
546930
395202
100628
965808
439647
306129
145483
595784
983236
401837
807063
699847
515111
653353
732348
928337
44128
143838
242351
67283
281133
435391
218373
499437
6739
913938
714561
103614
213059
757611
142742
734199
37805
621991
680507
541395
794594
939606
985232
53149
484569
116046
744185
205886
167767
59295
15593
261431
195252
523754
819497
721029
324268
256015
778958
275282
648127
970514
580351
472851
49130
261766
949196
56872
54077
602691
307643
598775
232382
219812
251919
714266
693996
28133
709144
762517
467972
94668
13322
978954
99534
1089
60335
908312
998957
760648
939034
809064
72183
378913
641102
688342
764018
692437
118308
395810
946279
644294
190084
417525
955291
261234
100595
811394
650095
369018
467024
266467
690862
300885
551313
922516
657319
351389
136269
497418
48602
772813
467252
446977
298132
701196
444961
442038
206492
78916
76510
232856
739526
662580
194804
32230
269680
682686
245938
459771
118652
789096
576219
440438
989071
508501
275509
683659
951005
624793
922441
551750
298042
642170
66943
985634
503247
32904
302684
623271
855365
919565
365313
893068
508319
573492
870362
716743
565717
16166
338208
744197
415219
27171
858141
362855
738068
348272
366863
590764
512930
924183
586347
353915
555750
752971
736898
14785
520447
893941
470648
159808
142795
535066
810818
765525
392953
53199
308900
591668
493156
397778
204102
451743
160220
635561
148802
150972
935213
23484
354368
496086
104086
361259
886059
768629
333531
389957
275553
834748
315512
756439
963400
286268
631207
812533
536846
928479
280297
471598
355815
288865
953967
60127
357687
984519
265470
670686
873253
235673
212888
679115
65532
608749
889152
905121
906461
482045
814890
960932
701535
254397
760949
514350
427177
164149
823507
667582
37086
201867
40310
544633
719040
342024
188495
390418
612195
48541
80318
661486
907669
572785
76438
511223
265809
541865
262806
257124
961132
360860
445047
995058
444335
335272
264002
157493
835529
942017
594671
621753
109031
66332
367423
60939
711331
710465
848581
380552
499106
59550
417865
908859
221390
582895
544013
233037
293426
101851
834646
872453
841542
899847
22743
101635
293683
146505
681432
601340
337594
993735
15821
212046
176740
51259
297836
670282
980309
546916
223095
518754
559272
183500
670723
877812
676202
111354
562678
967241
721995
345753
260065
787877
291867
969745
955216
582291
146293
609833
534732
10993
54828
470302
450969
129351
772686
642449
263074
777758
578407
363209
645160
127169
49466
680172
511794
364854
432132
644394
131732
640762
144198
928086
269228
615271
617801
86671
140873
927559
975556
851517
863167
923336
331305
201614
176170
342827
138896
388683
727608
510300
68178
844780
274602
891127
76117
12648
283908
640702
928122
541882
788150
43995
317066
445775
223476
50499
44788
183863
192609
344913
20377
590661
833500
676171
277943
491063
836027
304670
580864
385461
305196
407522
832497
790686
92669
689629
794775
615104
130874
898664
370127
477565
635616
239698
64024
957951
629832
104347
25645
738296
49750
977088
447119
725441
647131
942761
416471
888869
476602
342942
479486
264981
284756
698285
862388
133836
537546
680592
580408
735979
722954
481196
59963
785011
229609
119559
885196
882047
410607
486127
348866
779816
506372
926402
880794
237312
706523
544336
528245
142089
50506
169706
463805
532499
889107
687934
181064
396679
968531
138269
210011
399257
899045
293915
834095
665621
38156
113716
736284
556311
228515
449775
623127
205794
924832
502915
137857
238487
70448
380590
451455
478937
760289
347215
97995
518349
997662
145199
572824
489717
968582
160704
986353
344426
11630
643498
390694
886426
919509
795596
891681
446076
328718
397726
846238
92620
436905
384467
673149
963778
348976
599402
302946
746363
314156
485523
766980
198457
357259
817635
726481
953686
836460
460587
619233
572480
394543
659291
896059
437754
633276
290091
362077
31996
175687
831890
616578
909248
207621
850479
639625
705405
222321
859240
356232
945104
185390
864977
283756
425798
28715
906422
323891
906300
461397
623659
155269
7567
526763
566570
457593
87310
838168
120216
905027
444454
193871
973245
704875
722106
751815
447044
659686
359696
378522
193419
701434
68997
122959
996234
861836
734523
251583
964137
467003
791787
395669
993383
154606
752056
32938
835648
654724
767715
127435
934326
323660
71688
350031
604801
651004
33262
742905
870139
547650
19503
627063
542502
405803
839013
923409
208921
205816
473090
774852
509515
16150
736995
968186
900948
891214
25711
243332
277289
743979
128795
369901
202325
160605
851118
882891
161282
135722
300405
559150
373901
540655
966702
297013
692511
936037
132301
308712
756490
473920
227940
122542
782975
260770
646956
521719
802877
125503
725676
228172
866345
247430
599941
538320
132612
538447
561754
959063
574598
161421
519450
58687
725254
695574
735546
20845
212003
391068
921749
19572
625795
375646
771949
446496
973775
567182
70826
381144
499701
476532
466633
165214
598193
176054
469193
112441
433921
131350
189075
923069
511685
702820
895324
399505
646332
945952
367140
970306
500750
932271
224788
822984
439720
473866
539132
568341
963771
518299
243286
798312
858482
622604
263029
852520
571978
242146
960041
577557
7370
143027
276598
778460
452524
789717
456615
172767
974411
657699
836048
441047
172719
312530
160753
564559
125762
323194
927288
270992
114580
852812
76834
141647
566481
711274
762342
560049
692728
157082
933101
128621
288898
396635
531487
933702
358689
774388
779973
646852
501587
898187
207997
512368
827956
548007
167921
199853
563508
748628
38044
181574
84817
324055
776133
966768
922493
325058
530244
41319
790032
344810
691542
991476
845028
966261
646051
223739
233730
150419
359932
950698
627959
915694
490667
211477
261405
77126
306832
467395
116355
835726
21089
496125
142322
684751
85180
254434
906588
268073
798304
395486
368631
231837
364572
810969
218910
354678
113299
995580
53403
332870
614424
821782
889729
585977
444170
635909
88920
295184
543985
989117
841396
261899
533525
652057
704656
117305
887678
569122
400720
343846
616897
423622
59634
433879
419077
700222
407211
271061
618520
991962
535371
935115
217746
86495
249147
972183
558687
819769
258512
99171
606495
647489
263103
46592
861042
893191
781483
179478
863300
424327
572034
752208
274967
413074
955231
818891
647876
481013
644770
799705
157836
1406
655167
916387
835190
924301
315811
278108
953351
52506
287846
397841
176466
790634
154636
755022
599890
619173
424204
148514
20661
676304
171120
764501
510427
572141
850009
609359
48951
54106
939251
76188
150708
73066
912202
425655
592514
773870
277360
680135
177908
629907
3816
908610
348345
209554
940017
769297
907531
23746
319598
44723
893597
598705
617340
75496
77790
905034
187943
441157
278136
507186
40469
650197
819704
580806
417617
876988
223174
149097
368711
943743
477928
608272
504242
177765
162200
136527
227207
895079
441506
288119
41520
148365
930040
874532
603544
904399
217845
451156
15414
432275
235555
756285
587331
770298
42117
899961
116538
752370
594296
216631
550795
386391
572587
482025
333773
353228
306566
236993
276739
571269
580033
46849
137512
131221
108949
684158
644419
215102
519426
103857
945095
818513
112622
773124
563912
463692
601529
925980
50004
462433
907270
561268
34946
537239
190866
421881
139415
514482
626307
929889
319793
100423
88705
562203
218739
232977
813293
163738
786599
265109
570174
697524
979987
477751
109763
835582
847187
618902
541748
512310
319164
425639
409021
528927
705330
543447
209730
557339
832243
244379
647222
585196
817155
224435
362411
384654
692484
590462
210014
444222
430490
509894
667379
137549
146841
888891
318515
475568
97726
516400
360010
471816
745217
233620
830422
790400
740530
477982
108103
760685
951649
546300
969269
992936
147072
216638
686633
441596
356104
182089
585271
953546
194160
815020
749649
745870
348446
282927
340483
140257
532059
609441
533648
488771
183062
278946
746906
872340
767437
9851
669696
829717
413408
38593
205383
267704
231909
587149
939843
248307
110698
532969
687521
234601
701136
277237
593718
198669
911731
641917
627334
476765
796819
61971
961000
359608
407466
756470
835707
159475
464457
752598
249001
499544
293514
920182
378669
504289
367636
164071
414729
763220
322081
150368
690143
201638
173346
112322
911548
698593
366218
376752
958023
497209
734277
944079
615454
667111
521900
431617
838745
491905
550861
512126
502941
434106
65661
70872
423616
941698
812692
185859
754090
905364
458983
336829
299458
661017
227044
272955
454690
215485
834415
837902
603092
393671
798872
71414
712871
112130
386453
720756
693687
166681
492980
348633
910782
837864
397757
529266
644196
769633
865808
951864
300937
87677
415883
972676
893353
229612
416248
139115
331765
938816
663898
55692
370149
660589
680780
417989
302077
983451
393969
670597
380987
969506
946670
122736
928486
50545
148572
302584
266899
348988
797319
797536
198433
835093
223777
806155
573998
875303
173440
909082
849651
255694
917283
338575
546589
533431
241573
500444
504494
709468
738262
980660
486722
18032
141859
546074
536829
784284
135080
857645
405642
957006
164646
673906
306881
267919
529714
471398
214197
834384
749743
575457
264027
429255
720863
629314
145898
638908
794958
859808
71249
153015
122292
735414
436501
454749
932097
249877
667499
667931
488373
793329
556863
720610
252272
19261
809617
624330
630936
712930
94285
254630
551795
547110
848514
251330
472399
809899
777966
109897
380594
659659
771587
691394
738423
550526
749695
125171
810425
878071
976324
627399
604070
99171
731822
405507
422731
502756
229314
574538
882469
254422
265088
62145
877752
333082
146523
835484
268901
240551
73104
644536
269458
940107
669640
312330
356352
250159
319391
247082
987432
360858
387885
584849
831983
943757
522056
810300
986022
626295
572290
869503
410764
291156
223273
569106
796175
129246
411140
485025
953004
93516
234717
341267
366667
708672
950262
246949
446974
199108
330093
698375
831235
31483
603579
624638
294015
178309
248338
14703
416212
84755
803550
402815
952111
422823
385676
692962
959507
10316
753230
172334
174771
213400
208890
520347
469056
999677
221923
277359
471192
785297
396655
691367
968067
639109
447979
852310
101328
222198
315910
923261
33783
674573
541586
9072
32009
621242
255764
573532
115878
367057
287973
653741
741821
190486
855413
739229
974722
506259
747183
54511
734560
775168
89114
447308
398400
527953
108097
635134
533454
870610
932177
631318
775061
1446
27161
506426
447885
206914
837977
236587
729311
908883
23256
928736
108793
574202
915821
562674
777902
506327
838462
329702
144663
12395
297640
325373
229574
9876
17798
882487
919518
368006
862731
960454
497730
317402
83388
173711
225452
685738
516687
191261
381631
625014
711860
410169
524076
868924
497765
385461
239449
344342
459523
491551
133681
106616
947127
180029
461279
881476
965858
579793
608291
698725
36502
190548
588441
435407
911948
835638
185630
5707
650472
337508
265475
798157
441690
236559
690458
79125
957724
743093
168287
20821
305347
785996
322841
980627
703871
943184
698123
277808
996610
397420
895427
823252
896390
679719
631580
699332
678983
872736
73268
248191
317067
701765
657324
905465
255320
354986
708871
601213
237531
812466
942636
138825
665818
1310
811174
921732
620874
464487
753391
368239
569825
271292
775089
692643
456962
392341
155044
912081
277985
739979
382631
511771
440248
783322
557560
96296
58499
113577
925949
364917
689202
618799
789077
268633
840690
999700
842089
314051
227054
695705
170202
822503
614238
200944
278790
324649
947668
284302
29997
663041
366780
77431
469548
34354
357523
730088
727799
247923
394971
286663
655315
600550
685753
771986
158062
379375
450133
71553
171858
14604
248619
11077
242394
400631
131537
197315
651504
884974
835481
602390
479030
903715
212151
147344
433824
37871
790178
604622
26215
508019
326098
86884
609015
596779
459388
207830
174462
225095
232988
549132
496811
211520
504271
18071
495651
837622
198689
259384
542582
466162
530838
120867
450452
750373
990631
406765
64176
102145
673781
234387
580673
475344
60954
652264
837251
225933
480860
678771
605294
486051
657353
241184
508920
939631
877748
951077
772587
882643
888039
380178
634019
183042
963304
528255
275623
406559
712354
263415
417911
177614
183584
570548
603729
819197
264443
753510
449341
595041
628761
502328
816415
702306
564348
850640
999673
31956
648263
686896
238905
4683
668114
595063
727780
872277
491832
924205
352773
736935
94022
533745
2957
434072
43495
698757
362416
204091
823090
73190
11635
62656
308198
158603
178836
165158
326217
888304
156004
879620
199102
463173
326506
107675
401968
851110
740081
522525
651905
831567
19932
510536
618415
776935
597357
835685
453688
286899
6710
971635
806323
425007
458730
915944
192898
821689
880611
578091
241300
979476
157002
510861
771603
161960
726861
659202
939914
127819
448499
949884
115179
793889
827073
987170
965294
15671
22233
666526
759839
70330
849047
206706
693834
577479
497662
774856
719127
665688
24570
648600
607106
558940
15010
542741
951892
14201
645361
561179
925234
329589
282117
745869
604884
842431
311438
485394
262824
815813
655240
97512
727995
541230
817757
847415
846198
615726
642318
361438
136995
213093
71936
114718
834186
399413
688889
689278
801053
385693
159427
672530
364478
513809
633039
594502
948930
824129
794403
703682
451032
636791
954697
740461
440706
385929
58362
673461
891569
941549
783664
241699
879032
836956
810851
838307
621646
430691
497108
604409
17621
138901
25942
798435
941667
269708
176984
914011
53307
205364
810151
774019
590321
594384
625994
976663
358251
494637
933388
529079
694389
574589
320411
20588
714999
143925
22053
600870
130280
807710
592329
118763
975463
753148
976974
191214
209402
178828
624678
412
718067
540190
345414
517860
251470
676477
181637
568104
756776
775101
912728
283213
259034
852696
896332
354480
201122
925358
614535
910023
150295
567338
219643
571248
507610
513914
725805
99569
382528
131138
124943
89197
536816
118322
224385
90009
790970
331808
655572
794771
432494
900279
116544
568422
555501
385023
842479
944650
251398
257033
533806
221720
744503
333223
618292
297461
216412
799794
607640
239213
767135
143642
571400
312064
129663
708666
107918
444120
912318
491542
760001
541974
142425
464794
639732
133811
841429
916597
515037
205804
710385
881720
416900
309525
891645
837286
122359
907083
868203
973696
954764
782482
260732
569144
99488
276877
232034
515376
533756
888429
940499
952165
63545
462991
259655
864512
378162
977576
999404
439947
400686
622598
788427
145447
319461
865593
582797
61802
357740
39746
143770
994755
210085
596650
867885
877494
368652
842987
607666
20984
802092
790130
472557
62812
272801
994539
875091
921222
952722
475943
310958
459787
869487
98125
754077
469029
139131
943247
358239
924537
898222
361762
251614
905338
876611
759472
264293
252988
17378
42780
270611
673285
858864
654825
134162
386512
158174
711417
513300
355632
404064
412778
715731
341671
543135
922916
656355
716757
6038
512399
888954
192861
140786
156383
616951
942410
373090
627781
964308
335941
240886
987666
330866
323431
489685
669714
601330
617057
70059
325352
640298
258660
509954
240407
629795
263812
108813
812732
652560
846521
999558
368367
962298
705924
711916
752952
474736
44745
678891
374038
213805
969300
826031
43218
827352
513202
184202
1866
912178
739873
20657
257140
725984
289732
826681
478273
905219
158611
847312
37355
733869
581261
877905
908631
975743
940619
932815
992370
835181
268025
382470
955000
198790
633353
591552
244781
876303
969275
75410
257502
850323
373028
267428
199822
81147
48399
531997
375731
68120
1985
985392
586236
404788
660222
82640
966165
519494
688981
820145
773883
144209
620154
938865
545182
671380
684008
136850
964662
910084
822942
53767
846882
894430
433152
441787
215494
471849
289559
627033
309315
256377
913907
581251
364803
821552
995707
113968
796926
203903
847287
51103
655013
992006
477766
805733
253132
338844
714668
573297
681117
164785
947107
687961
983698
452287
933874
661267
811560
692539
184630
296527
978462
842651
104111
950765
367977
662046
747315
834209
115308
877570
468577
755006
8607
432931
7507
823007
383048
370136
716488
464584
244424
973301
942371
399662
763638
297087
29549
10381
881378
533403
446489
419872
935559
559909
74765
995294
256964
83863
517087
805037
768956
136611
913777
576935
425520
326896
895287
243254
775411
183303
4515
380334
601703
993886
166730
876721
177911
723209
897581
820277
883906
846165
358361
253607
993817
430111
634812
954625
179974
74679
60710
692512
432122
182839
48918
388605
807513
360055
122017
812922
476833
850962
838581
678888
905919
880894
927859
459801
804349
109730
747582
478840
40117
370287
253891
940576
643051
22264
741253
568776
911030
273408
985299
86902
96492
90392
723750
58098
632612
510373
51193
188928
547389
133499
637134
359491
472883
790395
218456
775645
880871
134546
432981
126600
963081
212572
324249
73617
759046
265095
360391
220094
363717
364256
989493
447282
893140
704691
992784
410548
919387
513699
63414
384019
703361
323360
911856
662861
244869
337055
305666
327897
701836
554199
864364
758545
171041
593097
999461
524744
437931
718475
785268
390122
305696
504424
481468
23100
334364
310602
637272
291393
844471
416384
737848
966817
937199
652115
681424
587455
51819
973723
613563
959526
971664
221451
587359
693285
614218
458896
914541
307600
94646
78552
687669
877166
830607
609207
64955
223520
690288
344413
798643
592773
291865
910734
621501
585535
687338
761011
414394
54177
682991
130075
956761
595593
830419
77759
193060
399680
809454
18929
138915
619921
509890
785239
150632
675613
166863
708293
1206
772854
5718
779063
741703
614629
508578
459575
915512
43254
62185
363801
976632
832496
413334
165493
34165
645682
822691
80271
851453
328439
71213
646171
631884
248376
711542
821016
939892
379886
25951
822622
215614
123462
547419
624141
514155
343433
423475
312333
193918
492731
99287
985530
861978
378954
170787
955903
47498
159773
505952
92148
807843
457387
710084
275432
493945
273864
471796
590649
678539
875843
686712
455738
238277
623450
946653
121349
215152
835666
716094
32825
241947
515736
438871
544857
800239
536968
581507
432294
990339
677891
520416
374513
652497
377315
966988
635101
954036
130358
930438
853961
104251
642068
180251
469789
131053
77831
622589
779870
865054
955281
484074
585970
867929
162655
931036
794654
615765
904883
25415
948568
213250
578314
246640
970500
403665
134808
597656
230850
379970
415147
622913
998637
818304
57692
974576
226929
763874
274387
730625
296358
767199
688651
746631
197458
896795
383164
316521
384978
863063
959917
523687
915923
221794
145878
391533
458335
626438
262091
245573
88620
960219
549002
708411
236707
927952
842266
732576
308746
378205
257851
531274
546243
39040
570059
106156
236306
882699
527039
868828
48339
732923
800803
919550
56647
633952
688342
858938
723034
294871
756578
989344
436437
828690
33186
327962
345851
566566
382365
346735
383041
744065
367549
78106
399063
604949
869984
188684
896844
940526
463749
793529
281822
592401
237615
727632
928349
960734
134626
350586
316654
918634
453875
808552
529194
950321
918281
43155
763420
31664
575921
660275
544055
766293
265879
942123
808623
15701
367433
1276
962685
593990
748433
645909
421675
688179
448436
293780
529829
825468
253461
669974
198006
788152
517216
292755
587768
576966
799763
762990
197301
371165
699585
116109
778746
332861
511979
144821
896433
477984
115956
944867
156341
516783
750550
822224
704613
775250
751722
92813
415581
712178
324850
71788
54456
298751
931990
169355
451518
403056
238554
302
605203
137677
391415
581456
971939
696874
4791
608966
323223
585461
472340
508186
615958
107693
432890
624343
170019
866174
64796
543209
176223
921905
853850
228001
122481
149067
175765
615779
763878
583037
133606
267810
816150
881278
316222
809107
990297
151809
416230
913729
803074
942562
166971
340979
415896
748038
488218
806592
26370
787076
934871
245419
754101
395566
737423
661170
449273
35903
615784
752198
222733
464729
617984
693756
193168
806623
474122
399133
656311
85865
611302
700966
983041
555473
881059
564291
901586
785324
687773
52236
714096
420413
455775
765866
388919
980046
162218
428829
483065
918624
781691
571008
230439
437138
996480
595630
722991
717557
535459
593711
514389
988086
128033
102521
163074
223784
888624
50925
434806
205788
657583
68487
385638
385155
903242
127713
575693
155604
521258
21571
145910
44954
169959
2374
5034
275068
801211
720953
546095
795653
475405
640866
931713
92613
654239
429983
553184
445003
415881
281658
67273
986470
454048
602558
554123
290990
767538
707326
737784
522950
946557
872523
578788
373754
517040
63395
743459
245477
932489
78319
799752
243667
575609
266031
334237
767543
86594
536448
137495
788607
963704
14988
225958
38879
194084
859741
606898
505692
594112
535024
426105
931866
800297
647258
68260
581312
490934
262153
23373
888867
119703
151240
888983
595735
134860
822178
384807
245364
976923
100156
339558
109862
796950
96248
979886
839373
708259
220252
830496
424598
942387
329162
341018
396925
192061
690731
817413
281995
350770
720701
471139
934627
238695
34526
480648
949350
669217
737870
935827
183143
227982
377853
440309
628162
572933
329676
106778
248225
64218
180806
114119
924346
532166
653152
67149
559470
389295
785350
231274
839185
880681
491094
300094
633248
895186
799644
28283
62668
252331
172268
721324
836389
72408
97401
858959
742341
655892
608211
41248
190107
641846
277623
60014
519406
129923
232204
738953
782079
846571
145135
331407
575658
967280
386125
371173
255029
911043
978762
979760
286455
72238
29003
266841
693870
88835
200814
451639
167704
836277
296332
858455
89585
463718
887333
16166
145679
364716
794774
594744
684634
608482
132278
948023
422426
815850
182008
783445
13200
574678
394680
215932
15691
37639
556726
471072
607314
699695
854894
216557
658703
754977
633000
637828
968576
572160
641995
892060
520303
361562
954288
185559
466112
7174
926131
738058
938404
748486
149122
845632
45606
80035
866681
707505
572982
188443
174315
723765
919600
107842
245123
574961
816876
42805
218698
902231
822216
361054
382614
449834
410087
773880
401032
327131
149766
575495
761458
272602
543042
829072
554065
992089
555589
283928
850200
433864
323562
410647
848707
230675
424112
315911
284317
648411
862857
257096
605213
516623
621658
668245
732699
510022
641932
33394
14604
763785
163071
231937
217816
331690
9113
771058
677825
338518
966197
191910
592671
821045
340257
876227
635837
499898
951033
697222
968297
18802
821589
985807
480628
761084
932087
226870
866960
555628
514668
439176
746888
884762
30383
726348
324735
831
699539
754583
611233
154441
729811
428440
122445
901124
477282
572845
715074
194104
307456
394692
538164
997485
130229
595885
329240
181712
307302
724066
479179
989893
93091
549222
710835
48470
512872
224373
724797
228494
948505
760471
778657
250591
861619
428038
834384
671101
237011
544719
504997
310237
985352
120820
835117
863042
900932
337077
950044
38456
888388
348813
683967
713234
98320
525596
899970
235782
775015
25042
872238
54536
420253
274912
528511
686034
59577
530219
813426
385127
548807
824621
864557
639055
4149
663990
15912
966845
454444
661622
953685
997237
554689
466980
562017
347416
183447
674578
528576
441291
978918
220968
263376
228096
433740
990684
784150
184984
104282
716015
471767
526485
561451
480049
896842
217112
428590
842246
66993
77406
261402
178106
535361
100022
968056
364211
704127
79367
158855
610747
351295
473168
429355
667223
602089
577580
79424
611591
741821
39160
782350
912769
394791
544909
23134
306011
781021
611588
247080
318335
656533
455547
196442
830373
590673
338336
898102
484490
727417
202480
401396
530630
805060
852296
950977
475121
27552
620899
343560
32360
830449
125947
780569
941459
188957
621501
268011
263992
302929
135446
814423
959725
942273
903562
561368
385329
787547
879595
579140
153293
953664
696012
8571
146157
121881
218263
390624
164581
47202
755944
581699
482193
306586
677915
49329
107107
93702
981619
480930
179815
613782
11855
231975
278164
998918
131393
978446
563639
490880
135188
16006
284883
86820
824699
225469
327157
807233
878345
953048
36779
621638
324048
376281
972569
427245
512219
617273
734762
249327
343496
176690
706051
152302
899002
802358
864011
721593
61029
114524
702042
410390
204101
168999
525374
524510
905695
561066
10862
298696
49836
762223
600045
967852
91922
726249
684781
520771
918699
99658
923421
739780
953558
307133
157882
272668
945938
98861
316297
421169
320732
160800
186514
397230
143834
251403
620770
319144
406769
323684
65460
590637
781673
154716
858842
394378
852541
915714
898258
512564
168483
229637
318534
909290
118574
481391
260341
790722
85366
63333
91908
727038
643197
652763
118323
177499
308179
639096
619696
194208
21381
217611
958054
421892
669835
376871
148138
900335
986836
638557
372521
366422
722960
459942
207225
134348
645681
851514
641210
549434
256568
919860
666718
670590
509795
415198
208146
726048
599301
587650
55247
40335
628449
577264
721522
933719
330416
357831
619796
178522
143957
623404
349674
400961
34754
552761
787129
768009
278113
593542
561244
391881
845755
90449
164446
115650
235944
612734
579774
11151
680677
614810
816096
736089
862556
542449
84005
847435
748140
332724
252991
992558
739362
52801
676555
91112
86369
769104
379965
664207
102488
812176
940343
64634
10415
602039
199809
6005
194161
618380
798709
48496
192356
973817
144198
731124
634090
478967
459747
755356
793354
213830
929830
446157
431983
505829
361310
561462
925329
569043
285231
417588
180170
919161
186494
499104
813704
526398
30559
180768
553455
688
706810
540401
667229
103641
17357
119148
992803
865441
584550
541761
363737
632422
134139
583395
328705
101544
38137
197084
850349
982452
50639
150549
641892
256267
365407
757259
55920
667552
968366
752533
834451
58374
886685
151950
186409
297311
893283
107505
622794
518886
460560
194101
831297
108737
96923
858746
828021
877579
962046
515254
182752
584703
307912
758574
434008
73673
62916
283812
772956
443747
364439
314337
122021
391506
603624
411664
208330
265346
60318
126985
842237
415739
367238
912372
790195
229733
281345
9255
887221
932946
111266
29419
253927
608448
202213
798134
744752
376635
322271
427420
262168
902025
682401
318006
529507
66702
137070
854279
182856
520756
853811
37544
123075
979819
748491
801161
73774
333666
817459
669727
609519
598581
274907
908948
949019
815517
155274
277676
575816
13203
540169
813693
862011
599086
761056
574285
288428
404586
516519
54755
203524
385962
809874
600882
214355
654504
701854
738489
705928
993476
895393
922288
823349
653583
304977
139070
793750
40374
31895
330529
161464
657921
929348
604630
130037
671776
536938
819237
564199
684923
858494
545607
4683
398707
622143
787215
461900
214673
225325
711909
693703
189428
707371
815699
295369
273733
544183
541245
925124
337796
691320
741215
267213
499067
236683
273789
804408
939677
436487
59494
341686
725035
571867
118596
311003
621727
873743
475369
299566
358384
87906
248893
231392
115967
772909
709765
735200
839241
677387
364907
29753
815682
659397
27066
634818
218915
451276
288079
264920
364847
19115
271278
194648
473863
820136
900710
697798
862255
349999
38084
603335
897909
810251
273728
966420
45828
749326
356810
130249
477055
991598
365007
526251
3698
664879
922119
968751
845681
207427
336077
860492
815188
251353
617629
619962
482702
582585
863250
590938
793126
226060
805318
903409
853846
217190
330597
427913
320108
878412
212703
688753
169833
572047
715082
810915
658424
943878
94868
763109
707031
147285
116301
481430
694411
186090
853561
782572
870497
144800
271828
637467
905951
474525
430375
873788
953060
686229
489651
680660
557631
970634
188902
761999
807998
4392
67887
528153
875168
43689
174190
645048
900420
811404
547774
696184
898861
428918
495177
715424
55006
533250
392668
513130
881104
338736
900193
468844
297253
945379
117272
410233
459564
608974
77536
840718
307123
751598
580352
906090
480147
468149
896232
943732
851833
877352
370553
725707
850535
380488
567678
520223
156326
528902
344828
705061
766660
660998
293049
582192
348400
210528
180070
672724
672877
351367
65944
197017
59413
977450
122242
911173
533436
988600
675978
910622
335135
909264
310073
486228
755950
957830
287461
177731
68122
348767
837321
724863
930823
314761
313140
285415
318020
961782
613018
475352
738860
792891
532096
484710
829041
442596
409693
783316
413294
28222
567563
689117
929379
389139
280705
182574
282078
160883
421946
806803
406205
47004
670996
244626
317301
816801
463538
351378
301063
665260
585907
903987
385950
538258
589044
915782
580181
642272
577034
327777
50444
112358
702751
428235
700936
662928
931896
854540
376638
25272
458294
251970
599778
68634
24129
410733
856227
168238
473683
880397
627722
324731
530733
193195
539259
657110
113585
876832
373062
243267
246361
941308
582691
593475
467942
152816
445546
508626
53456
230559
751721
198716
787738
485825
121532
36012
735545
218939
100046
211415
10844
206160
719143
557818
802630
364581
806198
43057
925204
617615
979642
464544
427396
5626
190248
515036
667309
867003
305868
670226
470557
281702
814619
114151
153761
206936
398261
306311
656202
527606
98623
748936
434368
126983
163732
545452
785024
90530
792861
818788
895577
960583
297012
114555
292586
952808
968129
11785
102496
926047
836127
48056
477051
852791
949873
881196
621838
495843
986408
487632
746020
399105
950597
351440
100742
562407
416138
165400
117422
945874
214232
132234
325255
387442
609066
335252
537093
625006
684518
778423
292011
938785
747743
710590
765855
327279
426817
560764
30932
780517
673916
990259
851396
919542
903203
607759
983481
223558
327569
224356
630083
930150
227753
336089
680182
1362
729315
475368
947542
618776
178929
585168
662489
577854
479115
935175
131005
315839
903909
625612
185268
399620
217191
805120
778778
698059
753338
171177
45970
3097
985120
248251
744926
516268
252896
539390
129454
752746
727215
867989
136033
753342
465535
728195
486298
892905
919155
100545
955594
809470
845465
294128
817541
412379
17446
375112
340705
933476
33712
568472
519305
650253
697064
927692
102456
669976
175605
770269
815996
751594
938563
582852
567669
69952
940917
248241
155444
197557
932559
227694
639500
440882
610624
137874
832955
870817
687378
724714
641444
958426
376248
408652
115556
776485
837630
203879
526050
458601
90872
651788
107102
633832
214366
809269
438048
848727
517855
36252
197147
32245
517599
666129
5683
693624
265556
154714
178139
172227
474846
300839
854319
482723
177849
162704
218000
285827
413182
121112
728773
285338
514726
57402
931445
2358
198884
798130
911748
173042
516180
361506
416682
976395
428173
601345
419222
862038
476915
185713
216040
973964
711079
11303
838445
765620
565122
889625
375261
897586
387730
329115
400430
225655
604594
77765
674234
345248
424009
347128
353531
256046
573322
706525
574999
630546
440852
451164
121114
404122
587911
594408
938110
133163
797381
642995
270478
141485
445858
117666
681192
446517
704017
722223
838668
627672
298687
752785
196414
605798
89608
497953
851874
260917
470927
50184
256785
112523
228702
150439
634378
214534
488488
463120
688506
311204
5774
896104
648411
419146
173610
30189
373579
880055
242728
745695
63674
949723
411495
415899
210667
153334
303148
552314
487482
738268
739734
947371
705342
722694
853879
803906
632157
705921
534199
587692
526434
24446
90284
421029
10767
397225
693651
538635
685443
991981
621695
352753
786448
371075
600684
85681
395360
533149
393242
968540
559858
923081
528563
811674
250410
65365
183723
101479
936853
447237
527711
965992
337196
943727
621376
797200
591870
389945
671422
43908
924989
390933
374150
905205
76126
561605
541958
37088
768043
710386
75622
518306
987218
687519
100931
191802
117730
36204
965946
722557
649610
526971
839958
664840
482375
76515
646052
198942
903600
239478
599902
543558
329562
731728
758726
371836
873685
75639
527012
632898
194558
615200
233220
983507
868219
532875
252447
344301
528253
720530
440459
848612
524111
270728
630514
578651
141405
504260
519427
733862
339361
610186
737964
422018
66334
407114
191330
557903
703177
797136
834594
739414
158561
627033
337938
840818
889998
280082
582633
778352
649537
885323
245433
743255
609946
868806
621992
580724
319133
745950
204044
133843
942252
628856
62830
697022
517607
412915
606726
151735
18443
422619
698496
647072
833485
9446
785460
280961
677166
964777
350115
635150
697865
325862
705166
652063
182829
962958
772719
812161
68025
198461
78239
338956
258793
90733
612734
345485
217844
482203
873733
311224
583822
442710
361759
281854
877222
963054
165749
934330
696261
134434
53177
773118
750000
194711
907335
689377
958081
268121
653004
513349
8103
994659
55404
415644
909679
684054
864136
104615
178181
634082
132938
956419
564334
432845
417354
407369
446858
383190
437508
506145
697033
410925
764151
289379
822342
682442
951649
196751
694981
763660
213635
758186
755894
311174
142127
723980
279032
373551
925485
322535
280481
844108
256970
378825
112606
244002
471777
637659
313527
926391
760979
286248
472357
349440
882890
739412
506524
423517
864867
590792
254082
810066
239830
385884
698742
687072
373252
438225
995590
414468
105825
665140
384297
153429
698330
506208
591853
384700
578650
80010
460566
804142
271620
836957
712064
317727
953590
848610
939264
734122
19023
187173
587242
944056
319927
440905
412530
585810
835216
522411
303808
370161
775549
173120
765022
248306
775128
392173
116613
132198
366518
315560
144045
705077
167384
469321
557598
524555
335651
364727
976376
56790
740333
288329
226883
998931
181483
611990
82996
536925
563171
484067
933949
728374
336427
534621
732143
377408
152610
923189
288063
452765
652160
58454
499570
437883
587475
301956
359976
976670
560645
458896
130272
544081
934249
922742
962741
725303
850475
214305
584013
261910
669347
894840
462337
795843
127168
244862
984141
85955
300086
261406
578633
45622
109528
28166
409109
469519
698206
537269
657928
709299
338532
556171
958520
132107
19681
209277
746766
645795
195893
408157
317559
540515
991138
150649
582210
402648
6456
944287
200471
613319
142391
486019
709003
601808
475503
72922
57915
198178
563442
156152
20431
371138
572207
967123
301612
157373
105521
694797
278581
624531
269387
43954
131034
449488
951725
341912
665725
230312
47306
441423
380853
968515
881180
305896
902698
701758
932183
122242
355877
3000
405346
784107
681399
925274
706032
669009
178384
839374
177405
841931
724239
323376
552802
169413
378350
790808
869238
93388
398369
325052
50408
709462
229950
632504
547345
450077
634607
208110
498311
919895
796318
777435
692627
338237
857792
455811
460066
87698
284924
733851
913876
998876
904425
677249
359238
737212
359240
978410
808372
604637
735980
380233
693439
558201
149422
24623
219999
846969
596811
289918
548326
455534
421763
826164
586861
751173
658753
230054
116441
13006
823553
280934
58380
890812
843572
687219
609459
525127
839408
460824
840246
764121
357760
460900
547470
739724
73382
395840
777991
799117
250602
114402
301792
173955
938149
374661
120901
794870
385742
317117
114649
243844
879299
322162
578829
648404
492030
526745
88701
19983
440552
861880
46546
926479
655299
949435
655476
590446
895419
96362
310095
678355
492602
52963
165853
890470
271409
687751
560561
896908
478407
840226
654656
518291
306115
710017
995854
249599
61447
614434
540885
578846
65863
386405
749500
642294
41302
386963
720314
19940
864202
2268
294324
425402
970916
575987
582805
125840
479232
532894
783490
744263
313315
711483
508265
574475
94656
996247
892152
916839
432100
666181
999757
459991
512442
606727
630089
884255
949524
639011
818009
812213
926651
367517
359616
71793
204269
343957
463839
109714
960088
890283
906381
754037
540975
945926
550453
138686
647660
878768
121196
711601
934265
830366
129640
948967
939347
962404
689017
524486
209619
749884
834642
863500
68456
690687
601319
142292
641625
563740
628450
971269
344265
59752
335411
141821
497123
436670
766321
651218
597773
161206
679027
711856
903430
671538
770123
920505
628835
282776
779052
884468
520437
379216
224238
342670
115282
512335
599089
728585
116539
234687
672695
994930
352507
283392
27224
811080
632701
358341
960372
696784
337077
266357
715716
778814
117448
989111
136578
422517
286815
190407
517338
690028
639754
626125
933110
830442
708617
192221
644833
917328
387823
932360
338959
179115
534179
465454
550092
338943
418207
560372
189397
951935
185438
267179
497719
443080
814021
98002
421616
355338
541813
831381
887318
696753
646827
187914
931388
651639
470550
161602
353703
323329
211792
667925
321423
282555
450250
156555
18301
611475
559029
675146
354724
780632
856588
349097
576888
587205
613700
998069
261740
588071
585374
831371
376947
312977
390716
483523
245484
197510
38072
697600
336767
456271
609273
327428
740808
276374
123045
703721
758186
57236
319821
129762
845384
551503
380864
313355
760922
771495
309632
542884
151707
933729
464478
639966
911853
624776
892828
592410
90873
650308
746527
915434
660620
113901
255754
586852
993827
316697
66931
189746
413035
802145
107701
144765
363996
116690
136579
81249
470022
149036
871073
444615
532764
966704
365976
510071
687294
789136
918509
780996
372796
107600
169292
50382
690106
726232
715378
176596
295854
984225
514471
831163
998678
378923
830578
966900
46315
420747
219724
96709
746620
391636
426592
426661
86707
15550
364995
835230
868547
961112
148056
288285
853600
731904
963814
2675
264633
212927
656009
752422
620618
575977
17248
92951
320826
249980
761349
785350
958892
248519
225868
368310
619741
465240
89095
814674
779645
452480
124512
909955
194709
308540
230694
66869
62618
870955
339051
336777
549179
937042
874150
600973
897169
291525
936004
615583
546280
967450
825465
584413
926732
880660
805866
417177
820266
393717
599277
90111
944957
473698
844264
708147
351411
93022
198045
570128
36078
636536
263797
344032
475816
420541
261361
103796
974025
387712
84432
830236
965214
956420
103231
927011
106911
766706
996776
259831
355377
198460
625267
399548
436307
131732
513554
59110
950748
650076
392272
753528
122393
926729
881106
64658
363163
546884
863007
269023
827610
873208
517216
823540
281220
231120
946987
229064
345699
804309
977871
40605
23905
459278
977951
471490
574508
532908
970680
705370
745367
524967
769730
501870
728142
140992
682110
866995
46762
795485
253092
460589
847282
250638
984959
864546
496648
924735
355969
800033
959605
691641
724826
153534
219674
930817
906162
984026
130101
864923
327999
941831
671237
234333
434147
831431
951948
83331
603539
358180
948316
858869
847596
598078
648195
489136
50730
758412
841778
607639
448797
603315
375920
140441
395424
35071
344504
825423
197743
213363
798741
266838
697046
125555
634684
731147
891130
847896
219576
618573
208614
826863
442227
552943
588249
954776
811775
750924
941048
728290
390634
397571
234292
122758
701949
754652
529062
612606
761047
724150
131433
720591
386631
760290
256394
154446
883652
165436
28896
449616
868084
554139
12359
865048
649866
361790
491819
946172
352684
551356
961989
222881
546593
596887
230485
874601
263277
83316
573544
580705
585123
82579
515104
449095
712001
869858
973452
690261
825989
49631
776794
512669
917388
326001
323166
872000
466103
116985
532113
503536
486507
858983
721702
69552
31782
603297
602748
865580
7695
691863
489076
221491
4717
576537
46469
252228
139982
692430
613301
736247
45073
930142
655367
172278
364612
707654
308190
636885
875019
85717
254898
35325
493720
333362
171829
602489
23906
334166
54252
930538
925327
873317
483172
638274
520873
424596
32674
555192
267360
707487
612319
748528
264352
721016
158865
218738
560412
824844
235392
56700
861023
62955
748363
153000
680856
853626
930460
129116
109245
651973
514792
423174
814898
104848
588341
988105
724964
638478
923472
113907
955121
668623
709169
456477
371952
390229
96652
545662
846624
396486
379629
863554
935044
758631
186695
137535
757499
466322
755998
738110
332297
330172
129184
662142
479383
875732
415042
734809
411046
943897
757924
50382
118176
125176
814032
178770
132298
22243
315590
658179
703487
347131
314985
79480
389258
938117
97030
479067
768956
345765
648353
233733
94515
116429
142526
56185
393819
953807
913742
772380
340564
641165
342005
824147
820186
360870
824535
234354
990333
442920
190850
550496
967357
618625
392771
204068
295634
720373
108084
585798
786948
853375
453632
904988
383490
41929
457448
985448
455153
988583
61051
859598
469651
761081
308746
803191
742155
673207
545703
385544
679049
931740
891609
599571
823688
197968
891035
57664
130922
202640
597725
992599
850
445707
410077
231152
666342
530518
598540
443095
501808
305553
57947
338281
882449
607766
409370
385342
588234
818815
210949
846631
550366
533861
470229
176728
206364
248927
883716
132660
318942
77048
501187
904792
390858
362631
40782
83986
572484
290401
503686
96468
714329
676130
991284
587805
28761
554797
51871
331414
180880
640274
270718
858900
802017
437752
980121
949095
989663
938190
210593
537001
854303
824997
268481
372465
876901
539051
386984
697833
592539
453924
603049
470012
157771
133113
736479
313371
473642
792451
819041
471072
379396
118519
499949
781353
532251
222812
901350
69355
589099
732218
640623
581217
81183
16546
688882
360632
634802
39211
211887
416343
91115
536683
249928
510254
665116
160686
591074
750515
750111
520834
348917
657931
410835
232972
82558
55897
460833
433073
985238
984283
44720
765499
575326
220800
501932
237232
184733
444026
886941
182810
201637
65682
5905
184726
23012
824207
988251
498948
326078
103712
893367
31689
262105
387903
731623
459548
51800
401468
1397
83011
697472
537829
216377
808257
284003
161412
156422
827130
294813
601056
56034
912937
996112
209850
129623
820358
747343
147165
961948
925159
328894
256113
2235
335050
269873
757476
774494
343462
499032
792497
306950
331496
206653
554578
134251
264320
542152
422346
709921
552238
896739
279159
16819
392878
971133
395756
120965
428272
145618
435944
152447
358026
794572
830149
572138
639503
112048
5347
949623
377118
613670
828243
641071
721598
363904
486405
547733
47321
397328
459827
283412
30710
796621
230653
675893
34863
136029
909678
105216
473248
156973
12282
748461
448461
996580
702281
242317
556636
262185
214144
56780
186735
351849
345996
932033
61929
737022
303368
454496
664836
927138
473682
510632
679620
57379
310762
725564
951395
952177
87731
173359
660828
293941
460174
122711
108245
590902
34419
94178
39202
951463
555891
500379
659306
200013
148891
755189
689729
860217
167395
771968
982709
298568
471971
447254
855975
518868
329601
393832
936880
996719
815622
368951
458465
441444
877496
442462
333613
314589
726584
921135
825484
272118
326493
4608
830558
957580
106525
43546
999859
228123
461137
832254
428057
490907
615801
140533
697893
938311
762617
732586
303314
480189
94934
945911
85502
125703
723917
729111
221065
907015
267160
219814
836310
252142
155165
646086
49211
675994
648311
777808
327995
135723
440055
706004
216750
36973
555472
777662
485008
328240
490317
758479
788481
559796
395970
376579
231887
312778
679245
533835
912192
506636
748259
338938
549908
502968
28226
53607
864568
330002
689073
386157
681634
490021
635881
444341
681131
20792
91458
287021
440892
176989
592955
915223
844163
432343
489426
964663
390033
707181
680596
589938
904816
457124
666250
770228
881922
931463
773371
498458
342865
926938
308565
547758
352479
707771
494397
219469
76398
840036
102644
9789
907
811047
541773
642640
641657
474556
218409
840644
63966
590137
131662
982168
435310
323349
912176
750958
130623
18091
999335
995789
284491
208327
388037
704168
760954
153013
144528
502849
187577
629442
527964
547247
794117
907766
864521
905446
469363
816431
671440
421284
823753
540854
784196
926106
541064
718607
1880
195857
819089
89520
267095
179493
332055
425427
576534
144779
169846
58789
706322
855428
414049
608724
415621
608139
677546
301803
783416
999164
17267
515214
205724
725327
816759
736770
689249
212863
50880
966815
756148
739070
66795
747888
489748
540224
397046
920684
13109
134026
412751
890279
630703
134585
1683
438736
985171
744150
947925
974109
426684
929154
459998
193132
979676
206791
357076
360766
449742
19544
427840
970489
214775
779021
271953
789399
594913
75858
760838
678629
524048
445096
660368
286031
252628
138013
636756
653129
495348
125442
82855
165107
328517
192224
666742
289498
846606
294135
31763
235342
764940
486269
444941
745891
277492
703550
732706
231991
851152
389524
424414
301537
323929
423809
577763
613982
683433
920217
234365
361715
307275
153346
181022
90391
106076
10671
716485
268182
947657
671565
361141
282376
380628
173117
727367
595567
531804
529865
414277
607935
137262
977715
97361
891650
714696
828152
746921
21735
564960
210382
166810
300538
418580
530293
698055
916006
948566
336987
414622
967270
365180
973792
697775
989486
178899
253928
373132
603509
226316
139966
372825
907115
563020
239753
748683
464041
360500
13322
877803
365425
389290
155313
656849
778424
783490
927186
848305
139828
983885
75593
865097
393222
882423
140802
604065
34285
896236
91238
36920
5483
999693
779324
991693
35639
927583
30133
794235
681488
144879
221020
681755
977758
325645
313916
357937
397785
83834
76660
742150
600487
706426
778512
46022
419703
659118
38017
840254
47193
609573
366769
403157
700965
212418
973696
766952
215588
555182
229425
861874
967659
926755
178811
72603
195384
579336
328547
936888
346207
457505
119420
763709
206156
154923
990218
884425
786833
292601
744309
581530
249013
750765
151577
613325
916732
699507
564719
415607
427822
739448
882657
68610
823433
343066
773445
518413
729184
873580
195414
196038
889004
963677
799239
136624
477564
75309
833302
485159
591500
357069
182732
165784
803158
924998
933168
721516
193185
608379
256869
175003
192936
470781
128049
522873
894777
349372
116772
791955
581625
995855
683475
389312
848464
465975
896508
122705
498495
587050
592888
662637
967353
199538
96790
212829
851452
586064
686543
79253
393638
331311
565943
634912
40356
348158
326633
389161
671291
713894
430730
608953
884260
465284
613927
256641
83658
291897
762285
675277
986056
753500
938226
280520
71663
824123
181489
806709
254648
752566
771019
596278
960950
841225
280418
699542
665228
685844
33464
918896
613419
493735
592915
956523
544325
711346
726461
831492
956643
871141
532904
486139
771445
747590
775617
52081
674013
477058
641241
187110
388660
952575
552024
391283
463941
74452
354621
956072
20069
46699
159535
846285
378725
75041
630444
347245
165219
170613
729312
610265
464797
554714
255368
321805
523844
188066
350488
543779
327830
863171
433962
349741
178142
137160
858815
727436
302795
875821
924933
436301
747663
991783
180719
54897
907588
384301
318847
827291
731275
401048
718222
742222
803886
193123
175355
581673
639930
947809
804418
124567
103394
515194
509348
678006
154653
227996
654513
353425
181607
483789
235921
149840
434863
246441
129979
848089
674493
226342
665444
248944
28187
633816
408725
869583
905584
90461
98896
97853
409752
384309
330568
265439
993602
521146
72646
47847
812584
700032
26993
343610
463225
469434
244877
405328
971706
79725
932761
2157
741311
787923
685746
62942
972435
259171
441633
195368
603558
566676
82196
878764
328191
468935
130237
580300
181355
45141
840393
999046
305076
597578
561714
205644
472841
826625
603717
790060
922863
359647
226106
549772
141718
426468
310379
779652
736461
135055
551813
341062
674819
725541
219033
901052
661120
598054
258615
436814
208924
977215
978915
108086
872330
420288
34453
534061
482674
577032
134211
850244
623598
786227
24981
262048
113748
860175
46395
189795
339672
136030
237747
247932
29922
967658
856855
948221
981225
737822
419792
674311
440059
769228
166239
130544
171690
840670
933802
290243
282026
281675
36767
694068
204094
2236
591012
307590
647809
28994
812428
211772
559540
707311
764362
989133
674185
996842
880005
267658
230789
531987
821918
10276
735803
378814
136406
352422
682023
338892
676545
934389
224360
700912
12746
643900
444562
432104
960779
225550
537303
968234
490440
239748
248190
569719
496254
369030
139924
869661
474554
531183
503809
4995
911436
551589
837966
861495
445800
866976
2756
921294
482414
422825
313232
608229
780720
243366
752369
42861
385785
689718
87552
276380
880245
970933
940865
489608
130124
155563
39909
655425
203992
635308
779372
738834
40041
994982
392120
732422
205699
850216
534289
486512
600880
239016
266570
845796
65685
45575
212158
70947
803995
411236
153261
196720
652459
575589
310163
958113
862867
229484
23908
759532
72872
394808
855332
683585
895379
884504
199859
510660
565999
492551
793409
837920
845334
2696
611306
12954
161304
984176
914227
599326
972330
911206
118021
159358
617921
336451
326384
952736
567500
713200
722863
169118
525268
550261
645457
386226
17601
360800
302798
435057
518579
198241
704639
439427
495389
999799
346142
2033
897404
333350
105079
660682
55501
717069
509050
944338
985332
270184
603475
392870
634461
852103
914780
942255
234579
422552
96432
106675
965499
824056
41094
550515
663627
808627
878279
203548
33600
445826
897326
157673
42629
330830
449399
114364
564471
726324
395790
726697
368126
15999
148694
481133
170114
885550
388873
270784
374828
425498
955943
691209
402058
180757
314261
25476
852212
314557
714742
683086
755645
567459
814908
508424
678376
178918
953376
641380
717996
849414
451688
182794
854386
570285
481114
401597
308721
584532
158630
246520
136537
533072
357124
3520
730282
988895
927349
507271
384650
37260
920114
653321
951204
731084
919919
865071
475240
111039
148872
171827
542609
946557
921142
637092
659934
772939
952921
10099
626151
410476
852873
372914
894211
964465
354633
635182
134696
744486
374590
868321
103802
922548
4741
189442
609609
846318
747110
298167
680009
341747
931210
510828
228889
754673
738158
534845
56659
67265
327169
39501
461774
120587
863426
974522
526090
382283
620284
632005
274965
18717
361970
978555
145746
223867
665857
779140
885919
932604
177206
608791
165612
559432
606099
323204
10342
219947
189009
468026
508362
475720
542813
298914
890286
669767
680147
901667
655131
437664
92884
127430
257320
530690
13374
799011
941940
449935
336073
99310
598249
329789
604099
134846
508166
138965
440679
605584
909749
376982
570481
43688
495525
644725
516377
249674
805537
338759
756583
227443
125633
666618
73195
247095
75982
532002
258393
770885
30288
654956
760546
205573
918192
798764
757127
142808
438305
90252
877445
316142
615338
442749
949465
422903
578882
941761
257559
971134
360621
203538
283728
218376
546153
758923
541420
714817
77755
916645
661381
956154
779017
400750
970600
581126
915591
175580
259063
574328
60227
733887
91689
673372
338624
292154
896208
961880
242401
538356
392792
431038
386723
264711
49401
899402
412972
223574
148340
348262
73661
125000
200078
412837
150774
801627
308636
756925
929064
847552
261421
676336
398513
579386
63456
503664
792659
262622
534223
702040
690552
477195
185453
622432
887707
911369
860055
275024
377808
32924
254232
659933
619531
45859
491315
40025
918658
487212
375506
109622
288905
768362
76535
653222
414751
795431
468865
108556
575661
712790
147111
258146
415436
927067
96018
897438
548528
583667
386397
50473
37693
56219
270472
401188
191969
991539
183355
288490
32751
288646
110126
231594
343968
608330
358614
78868
946659
777950
229652
270201
761090
465000
867013
365494
183107
769608
779935
519879
656072
799019
30168
957633
228140
603006
228996
388548
827450
769181
748472
785222
138704
403336
640027
423083
736616
793864
157229
533591
453390
154956
105062
617073
250109
554619
336820
562481
729806
419253
105101
568513
715530
952017
23199
252524
532170
944125
682841
923198
321817
262512
134374
948202
401337
770433
303024
478884
530330
290220
402369
646571
537140
761310
896006
110442
115572
160531
321835
621522
77232
492095
484193
930042
193936
762367
523427
236541
7316
522471
333522
997539
904138
630713
894519
390915
365829
883355
351915
472838
996643
2259
351774
340135
717155
371083
443260
518566
78620
515413
957251
589008
121925
233735
962737
276559
130344
91995
57864
655922
585959
8333
714568
560471
943466
565188
562921
618933
929620
419269
6127
238182
540307
213699
708775
616043
528933
44724
923678
408905
148253
251195
300180
212599
16507
53770
276302
614093
130682
820708
835706
589069
533309
372335
860725
284888
785655
540059
324877
830598
178769
839533
814244
786086
666914
428997
376562
857970
186495
972446
85253
6267
309691
58629
470336
988572
528161
936195
179063
878248
632998
610735
94073
294262
610778
359869
131549
19582
119905
680731
433469
809112
325537
943856
181762
543866
880240
649476
889949
28229
167729
77510
852032
45130
146678
277880
603418
95113
798966
941616
378542
511412
492735
703693
549826
385206
414496
96690
855676
175315
528339
245510
285951
927754
155776
782003
625848
377279
534138
308405
481150
90631
31273
69218
565511
539376
404116
767650
234619
148348
99142
105404
865146
395446
831761
296769
151357
468464
970046
38015
292955
700222
805724
789005
363077
268044
674179
262796
810977
339904
315332
543264
845112
835494
748406
825851
713823
500965
326738
416029
701944
91538
635627
144597
9649
903190
126312
548572
579109
127396
35720
2397
277618
984304
396568
443792
953429
814876
297584
982818
709519
900466
669518
361448
469792
332281
209534
73799
826679
662874
681528
611149
947746
994306
606822
580872
491833
747016
515890
179379
733485
11931
681082
483644
773382
214708
384534
304792
252250
915771
651365
551565
856903
416948
424872
495628
848321
823046
211141
513689
442502
981281
948531
863790
349041
696315
68607
156306
415607
841871
276915
353531
359673
753967
482100
891972
481453
314223
62429
610407
771895
658547
936187
600396
257138
946366
364052
393212
283812
609391
843898
761231
321899
218070
586207
488387
229559
237257
606312
268977
296055
574901
782107
687637
952330
311990
235355
471063
216243
122655
444287
830393
171381
781662
51306
148350
570499
572338
379721
87196
333128
62164
224207
576291
113118
2737
248740
34350
477139
801284
367626
877308
872629
329397
556278
908308
944222
657888
111101
31319
910116
596841
288203
641379
308935
11943
386097
741019
879853
696482
741962
223693
299559
86737
193359
821149
351952
409646
72651
125624
385843
303392
261656
330487
52557
628112
304917
790727
471091
786912
597954
389439
49873
97599
437408
42347
235641
60018
719451
255384
733927
170575
518474
700254
805468
123243
723320
167079
945833
221252
2351
240032
735725
157978
345801
983260
256697
397384
708640
655963
98509
546165
919151
562397
988650
621218
621119
924214
90337
378965
636587
596537
997357
12937
981772
163449
581374
213415
593676
569021
295527
584552
605392
730176
939735
229938
737784
892941
658725
743920
383796
300518
541889
534165
492282
714190
158297
427261
124970
770517
551758
930088
813223
551860
988673
373066
274190
206671
715294
963302
921951
353613
528563
227827
702411
921912
186244
901419
745225
274022
18514
925849
97466
658699
466417
263035
930946
950540
976613
262422
356933
883021
975030
795669
705454
588408
604402
767633
848504
402953
707939
413445
562632
550053
245752
78785
453458
23201
674493
57583
999628
174796
202334
271138
487506
222316
221408
259121
666511
164333
527889
953114
355503
808290
306508
332322
124510
170298
315579
881055
410811
386211
208143
465325
989541
213202
631474
841780
193620
600341
718690
850917
181439
472152
263801
206082
685193
392960
733030
745721
6463
128199
468503
17972
678828
191005
11686
423695
695035
940063
57808
575185
508785
771394
851046
354652
855555
233802
368046
562447
469806
947170
47006
695763
140546
225644
870047
566149
77569
159762
1355
601046
913769
923221
995333
928966
520194
29309
739780
869935
968597
317912
7958
261353
163040
810785
424997
572611
715205
104388
420202
324550
218692
490443
872066
171331
397822
95851
463926
749313
287814
84311
123487
178563
917386
641832
625082
97097
707357
700579
760323
512950
362489
309032
284174
219714
758206
325514
136159
716185
276655
297428
193098
545555
676402
874554
792851
158011
989246
320992
350198
823634
573436
5592
987762
555573
711936
507808
236736
690697
780664
49215
706828
665098
700541
767013
86275
895606
441636
658117
357983
416436
848989
227779
436711
430477
696597
599508
537346
620477
404878
358040
986924
386577
181158
998724
624840
573098
328998
640090
77350
221430
384528
335192
306721
421183
547056
692988
926069
446701
514148
3556
38527
916557
977868
325255
595942
113216
4202
271701
699712
337629
168839
950671
232602
621730
849799
680927
490840
310979
814866
256776
336121
772745
241323
906173
172468
539943
71982
179653
184052
708681
617591
914955
565461
789852
633919
913768
696406
891651
169743
7668
837562
86016
493782
760190
85197
777881
340596
506688
109739
112205
864110
17946
322639
803281
949842
68148
744392
570122
679039
722777
908643
918615
278984
12218
532122
89668
704512
450633
35183
916425
896097
68714
635104
905689
626580
748524
592797
783901
674500
6280
657604
825436
379814
579422
152203
311264
410277
850431
477624
805831
375867
137332
202330
19414
904621
704981
939114
620025
771270
582747
674085
22725
825146
553214
503693
634899
109052
770082
168218
116871
900270
823006
415801
709718
644894
870807
290949
704326
46382
466854
711757
575228
270239
133083
539146
351121
557023
587169
661338
80452
950453
238363
699402
161368
776995
417814
29592
311456
121181
267091
306952
124566
934744
169843
398512
228806
912810
350304
751471
503594
479511
167145
412981
436930
618987
457652
799575
142640
197776
850581
829004
325021
637201
546999
907172
59035
441140
173391
789285
567654
20065
785317
300431
627396
114038
79827
129693
468048
805078
106850
738867
751854
41619
382609
891705
843544
295839
323871
717039
960906
417960
853966
971039
808234
676484
117271
863842
539302
960278
319784
649776
529
810538
909206
481944
497559
640377
526306
127323
123977
709244
91785
521012
989708
855190
730233
634032
330859
900695
316606
379060
725189
789846
95510
515531
51726
666550
916073
968187
791883
653415
285704
695261
231889
488119
374814
372706
690007
130989
134093
234566
262968
367560
176885
370645
16895
670373
649677
707264
236471
137050
824956
649991
464889
977125
92162
278890
742687
996756
198033
488275
306375
253685
588652
726553
244501
340421
594547
873527
661420
882174
273602
750590
851064
885714
177542
955652
401752
814302
823752
248245
681064
586632
635423
969425
476551
339408
894018
356784
456252
204245
839775
409372
907344
805478
530086
408623
775216
924724
668388
54610
57193
297496
903969
740299
924217
212379
687533
915694
856565
186416
232806
404274
457372
594517
903316
620016
341156
61412
972741
689747
652703
161400
388676
998916
106795
44354
569150
797091
110628
209621
491144
430746
509675
552763
108673
957487
303013
764650
571173
633815
357600
146586
778744
664073
947382
167567
908833
108523
21472
678116
224131
183682
778124
301766
355924
615875
690429
222059
12416
927628
91640
937710
689995
197471
804950
832383
341324
362088
807729
558848
915352
490544
838307
752183
103199
530549
837012
137382
981036
596793
602581
911045
794327
563162
923997
643053
580738
933986
548558
377327
956080
888971
344636
13670
730296
595890
967910
577330
551651
405988
66175
818073
841161
437262
732984
132230
211526
269271
334603
792486
667843
871979
611269
280647
628342
185264
66760
764901
61178
473653
409199
772612
606724
75939
347956
849154
25387
16170
742072
190046
583729
107856
901930
240723
167417
162574
751606
462866
777184
503053
758000
672944
37201
764055
279466
428732
308312
204909
762540
363810
896798
588777
148737
129235
795637
883005
441940
962150
806669
385593
446215
948609
258820
994216
364858
538906
493516
293553
275760
629881
788379
359500
719428
482353
958087
950748
37922
867170
269471
556242
942742
755424
471297
300375
97442
393306
255022
778396
26075
926165
231904
479874
415980
664382
612084
97124
330454
111844
688063
740067
269142
912646
330201
518230
258455
714266
477269
163460
140168
964341
945679
373821
111080
861223
406950
332914
384796
245295
909982
461907
245728
52310
276530
139979
323631
193968
181362
915255
552664
126076
387770
24905
326243
613288
651693
1128
578371
4608
113199
130962
981742
108613
383451
854854
535648
643666
198304
875357
62196
968959
748486
153847
79339
334722
563791
316257
883933
147001
333575
951858
662294
634324
649108
282140
434788
937087
863632
715868
52802
585242
89129
637321
232576
677478
122453
818631
277710
614969
46847
113668
339834
530948
860159
33198
948702
267647
785640
112186
780540
192655
345673
461250
355959
98776
740947
212482
162182
720085
287088
739749
971772
725827
634966
596398
374713
11740
325488
150786
184510
675805
480421
931904
905006
855466
960956
579192
530656
512967
875559
786778
105963
723929
928421
397729
3251
352984
805077
333328
579657
236830
373283
708952
282503
456918
813271
498447
768403
839318
671938
152447
925427
969916
645467
182729
780836
491071
352381
484008
729799
773777
995049
658375
881773
487206
575209
288458
628334
781051
527773
40720
579333
948938
694497
583548
295264
610979
952673
216530
548512
880794
808178
994479
355139
986927
743665
291227
698874
642901
5915
71533
642147
474950
85247
798375
871079
982979
655126
605484
195421
676001
544480
961534
489899
901965
129997
567445
735213
492353
736996
393337
470851
470080
338800
925252
252386
828512
550271
876375
31779
755844
944561
24088
216644
998182
71285
535087
713821
93245
341559
726353
136268
686509
230626
628801
848172
460106
121433
870244
669470
670371
281220
99507
838972
662769
486839
612411
315109
558233
561381
244582
671191
248852
176123
949847
921406
321576
29095
645933
171138
590961
825342
3739
303806
541282
80208
670078
502036
566346
362251
604408
723860
770311
16752
306220
729121
130271
997696
661727
502015
322811
446451
88145
155178
357651
132347
928220
637471
782275
327728
305219
408078
23794
235527
428581
449997
516702
670932
646456
137475
818827
239550
924029
562213
849066
614659
854840
174475
767467
779187
218301
621264
985303
145637
175910
753682
244806
749701
136142
765147
39947
896819
798748
857471
666873
107138
497095
886730
393610
641853
209932
956104
619662
148277
808149
272667
749125
976873
68587
768260
498375
302565
624083
983083
191698
295032
756107
654059
517353
761621
789062
533343
351010
240822
637373
688398
444859
187023
859930
787615
651979
775497
620176
477237
351360
278352
199704
930134
700039
346228
645756
427571
225417
267403
174817
763922
827348
175127
667064
517298
360617
522986
493351
194288
210505
868601
484388
828767
967826
256160
823459
852226
247102
694782
165621
14523
565849
836069
985403
185400
414062
239697
938266
84517
310970
825899
641561
153944
38445
681375
835591
476242
140578
540458
815205
201128
791719
39493
344283
648647
121555
189928
935190
538504
886541
160117
666257
728743
561649
112430
409801
748183
533324
511390
366200
82912
581126
100524
943552
300833
307555
941734
451115
715866
654618
297282
655316
167515
458277
750016
708445
324075
386793
57820
44679
311998
212413
466178
625208
666804
910185
258280
596745
411780
497164
30451
306644
486121
725228
817720
986776
373063
208804
164912
998303
81268
416442
580532
1890
401251
963198
262801
645960
300166
349925
15230
226215
734258
823752
333838
690037
789220
705247
761808
603505
484265
191236
369629
221904
412691
310870
380211
655188
620764
233671
312478
803567
467403
756503
398405
457461
61352
43184
96984
163735
604786
159665
394525
715187
78693
6810
691351
550522
853190
453834
615224
456418
835348
349744
327498
576406
381581
65564
57136
656870
511210
695745
328064
351491
54901
875255
178857
817717
502319
752095
147366
501590
134344
900103
32387
111058
356928
117354
800209
914267
51750
468675
404556
919206
884689
358888
293473
418107
60511
349395
235144
943724
58229
333794
393162
725713
127029
912232
761557
401783
306032
837823
355230
575455
435768
764417
656034
533793
736704
246494
589247
536552
661739
561925
59526
926138
314839
505887
82146
201533
114706
291731
161527
269167
419892
327320
213818
942839
759541
113594
372147
298447
890122
797005
491977
803842
558947
857757
656434
475596
583060
849936
234642
156308
945951
556670
942817
484515
633351
784181
562299
119257
373197
336935
628780
215420
276424
760156
172738
137382
64789
456916
538534
141968
739110
413285
710114
91003
88118
593249
694324
466894
783492
399945
163087
253729
768234
686671
812418
722053
195736
879357
919716
330023
551533
307734
670478
417025
680878
615744
411612
289173
589508
730858
38278
244504
599752
645263
597845
682487
835320
136555
84795
655155
461255
266812
551773
342492
303892
12364
553456
678117
659333
132206
746213
556089
341427
700826
510481
436718
256056
885860
957094
495983
202203
22676
132129
62298
384979
368824
612721
896524
960164
658464
248685
457267
728282
707593
93935
248844
740672
73699
399511
266616
97027
706062
918775
178510
405794
966579
165491
876294
256495
924108
543281
112280
365364
154993
635682
508610
759172
917283
666202
438484
97812
803026
76234
745727
161270
61815
123292
424050
888628
799742
584279
214170
446904
688471
836849
915282
377553
280450
5345
342863
42760
31211
404097
514563
92793
203389
815782
546462
730753
17831
384999
495824
230404
217865
325962
24390
51496
131936
374005
267719
434979
333076
928599
351781
728191
441078
123279
177588
909089
418136
889476
452533
753959
373408
679271
654659
423731
179920
126886
89098
225714
729961
946942
162440
93499
89034
258923
573051
772150
764788
753319
149732
606583
175505
757519
151477
522935
373042
734786
221321
114291
148748
909816
203916
722039
71413
558719
769778
367413
788453
12981
933550
683256
390147
179088
137212
249315
997502
685517
155381
356431
507187
309920
804117
237742
209383
111551
23814
900597
924412
969950
117780
68318
991644
242438
958568
420597
3487
55871
628996
138299
667773
790380
141670
994413
173649
33723
974979
264225
660249
174638
842020
793110
613412
765578
907836
446268
979340
242595
560207
947569
352797
519032
286879
833906
119540
348178
466853
706006
274714
703756
889914
829841
247359
276295
119656
338032
265554
907692
40952
248078
811352
631693
360019
862970
675230
993169
127138
544333
887743
367220
520134
868057
148258
202767
793876
686157
396662
757303
987891
541316
933323
441044
842658
570333
575541
384067
34127
964450
114391
940493
861916
211799
959056
463803
936025
62196
846557
367216
323472
438806
570490
786176
371490
771937
930322
273098
895720
766571
4065
860353
818150
360163
505810
497065
784181
473419
454094
535549
349723
115239
815949
433336
867916
761718
413585
670849
217510
322749
803094
774825
842447
969679
461147
676321
557855
30887
584144
669286
500299
814128
986807
524336
230260
925884
475291
3122
570300
917082
664746
890802
18314
688565
158256
500091
217597
666483
380969
659424
261937
451829
329250
423256
244863
150983
800727
764919
318243
660697
333512
806894
754878
581958
705367
379511
125057
115714
161603
694566
424734
980251
518872
53062
528802
803981
260438
679688
878737
524445
691504
40564
456492
200257
841218
250752
776247
834307
965223
188930
332262
904294
621035
830210
933952
667912
466680
633483
954950
35618
86576
796163
173462
510262
585323
760442
44818
716372
228193
71349
349746
748798
978858
491741
390778
710003
498210
380258
705826
623351
229295
238838
733068
687401
924341
549120
490208
728389
272384
808182
786360
640910
957835
437964
899622
653195
163706
545668
343546
660209
212501
20119
643838
100802
969470
197067
374413
851971
502904
250882
55901
310914
728230
491325
644124
499570
506885
567059
979678
99057
873101
291225
998415
325693
18976
729088
280131
696484
146603
232604
414408
469827
655131
469208
87689
677309
171629
574618
719458
543459
53227
651652
352792
786053
788074
199145
847142
543790
836250
576439
822418
441059
370166
934657
662207
433465
159518
271266
269203
447980
652887
360622
816465
139966
893980
607242
294537
276826
876022
132851
100595
158802
448628
340006
517509
32439
980754
158511
605505
605302
64049
210154
859188
788873
295738
914054
217067
408039
772709
387779
565440
291468
601608
419239
267510
79454
994048
598543
252924
418270
425245
430976
58125
620791
653692
149680
490541
152262
60772
737519
777879
759394
49910
249687
732093
51123
73608
164789
184699
695162
898857
782657
811949
661253
28426
639278
835310
911761
223027
16814
513239
727596
114760
458258
570282
375210
434246
361338
458169
430015
49306
779191
75562
913046
12894
891464
944122
575337
777111
729420
342232
7168
961811
498701
20371
16311
256316
616274
78443
885580
342917
890541
715483
87551
82737
68445
360670
540447
793929
515786
978359
586107
919631
786889
135878
7426
380590
133996
370756
788558
223309
930672
377457
